K       rmax

0.0833333       0.0333333
0.166667        0.0333333
0.25    0.0333333
0.333333        0.0333333
0.416667        0.0333333
0.5     0.0333333
0.583333        0.0333333
0.666667        0.0333333
0.75    0.0333333
0.833333        0.0333333
0.916667        0.0333333
1       0.0333333
1.08333 0.0333333
1.16667 0.0333333
1.25    0.0333333
1.33333 0.0333333
1.41667 0.0333333
1.5     0.0333333
1.58333 0.0333333
1.66667 0.0333333
1.75    0.0333333
1.83333 0.0333333
1.91667 0.0333333
2       0.0333333
2.08333 0.0333333
2.16667 0.0333333
2.25    0.0333333
2.33333 0.0333333
2.41667 0.0333333
2.5     0.0333333
2.58333 0.0333333
2.66667 0.0333333
2.75    0.0333333
2.83333 0.0333333
2.91667 0.0333333
3       0.0333333
3.08333 0.0333333
3.16667 0.0333333
3.25    0.0333333
3.33333 0.0333333
3.41667 0.0333333
3.5     0.0333333
3.58333 0.0333333
3.66667 0.0333333
3.75    0.0333333
3.83333 0.0333333
3.91667 0.0333333
4       0.0333333
4.08333 0.0333333
4.16667 0.0333333
4.25    0.0333333
4.33333 0.0333333
4.41667 0.0333333
4.5     0.0333333
4.58333 0.0333333
4.66667 0.0333333
4.75    0.0333333
4.83333 0.0333333
4.91667 0.0333333
5       0.0333333
0.0833333       0.0666667
0.166667        0.0666667
0.25    0.0666667
0.333333        0.0666667
0.416667        0.0666667
0.5     0.0666667
0.583333        0.0666667
0.666667        0.0666667
0.75    0.0666667
0.833333        0.0666667
0.916667        0.0666667
1       0.0666667
1.08333 0.0666667
1.16667 0.0666667
1.25    0.0666667
1.33333 0.0666667
1.41667 0.0666667
1.5     0.0666667
1.58333 0.0666667
1.66667 0.0666667
1.75    0.0666667
1.83333 0.0666667
1.91667 0.0666667
2       0.0666667
2.08333 0.0666667
2.16667 0.0666667
2.25    0.0666667
2.33333 0.0666667
2.41667 0.0666667
2.5     0.0666667
2.58333 0.0666667
2.66667 0.0666667
2.75    0.0666667
2.83333 0.0666667
2.91667 0.0666667
3       0.0666667
3.08333 0.0666667
3.16667 0.0666667
3.25    0.0666667
3.33333 0.0666667
3.41667 0.0666667
3.5     0.0666667
3.58333 0.0666667
3.66667 0.0666667
3.75    0.0666667
3.83333 0.0666667
3.91667 0.0666667
4       0.0666667
4.08333 0.0666667
4.16667 0.0666667
4.25    0.0666667
4.33333 0.0666667
4.41667 0.0666667
4.5     0.0666667
4.58333 0.0666667
4.66667 0.0666667
4.75    0.0666667
4.83333 0.0666667
4.91667 0.0666667
5       0.0666667
0.0833333       0.1
0.166667        0.1
0.25    0.1
0.333333        0.1
0.416667        0.1
0.5     0.1
0.583333        0.1
0.666667        0.1
0.75    0.1
0.833333        0.1
0.916667        0.1
1       0.1
1.08333 0.1
1.16667 0.1
1.25    0.1
1.33333 0.1
1.41667 0.1
1.5     0.1
1.58333 0.1
1.66667 0.1
1.75    0.1
1.83333 0.1
1.91667 0.1
2       0.1
2.08333 0.1
2.16667 0.1
2.25    0.1
2.33333 0.1
2.41667 0.1
2.5     0.1
2.58333 0.1
2.66667 0.1
2.75    0.1
2.83333 0.1
2.91667 0.1
3       0.1
3.08333 0.1
3.16667 0.1
3.25    0.1
3.33333 0.1
3.41667 0.1
3.5     0.1
3.58333 0.1
3.66667 0.1
3.75    0.1
3.83333 0.1
3.91667 0.1
4       0.1
4.08333 0.1
4.16667 0.1
4.25    0.1
4.33333 0.1
4.41667 0.1
4.5     0.1
4.58333 0.1
4.66667 0.1
4.75    0.1
4.83333 0.1
4.91667 0.1
5       0.1
0.0833333       0.133333
0.166667        0.133333
0.25    0.133333
0.333333        0.133333
0.416667        0.133333
0.5     0.133333
0.583333        0.133333
0.666667        0.133333
0.75    0.133333
0.833333        0.133333
0.916667        0.133333
1       0.133333
1.08333 0.133333
1.16667 0.133333
1.25    0.133333
1.33333 0.133333
1.41667 0.133333
1.5     0.133333
1.58333 0.133333
1.66667 0.133333
1.75    0.133333
1.83333 0.133333
1.91667 0.133333
2       0.133333
2.08333 0.133333
2.16667 0.133333
2.25    0.133333
2.33333 0.133333
2.41667 0.133333
2.5     0.133333
2.58333 0.133333
2.66667 0.133333
2.75    0.133333
2.83333 0.133333
2.91667 0.133333
3       0.133333
3.08333 0.133333
3.16667 0.133333
3.25    0.133333
3.33333 0.133333
3.41667 0.133333
3.5     0.133333
3.58333 0.133333
3.66667 0.133333
3.75    0.133333
3.83333 0.133333
3.91667 0.133333
4       0.133333
4.08333 0.133333
4.16667 0.133333
4.25    0.133333
4.33333 0.133333
4.41667 0.133333
4.5     0.133333
4.58333 0.133333
4.66667 0.133333
4.75    0.133333
4.83333 0.133333
4.91667 0.133333
5       0.133333
0.0833333       0.166667
0.166667        0.166667
0.25    0.166667
0.333333        0.166667
0.416667        0.166667
0.5     0.166667
0.583333        0.166667
0.666667        0.166667
0.75    0.166667
0.833333        0.166667
0.916667        0.166667
1       0.166667
1.08333 0.166667
1.16667 0.166667
1.25    0.166667
1.33333 0.166667
1.41667 0.166667
1.5     0.166667
1.58333 0.166667
1.66667 0.166667
1.75    0.166667
1.83333 0.166667
1.91667 0.166667
2       0.166667
2.08333 0.166667
2.16667 0.166667
2.25    0.166667
2.33333 0.166667
2.41667 0.166667
2.5     0.166667
2.58333 0.166667
2.66667 0.166667
2.75    0.166667
2.83333 0.166667
2.91667 0.166667
3       0.166667
3.08333 0.166667
3.16667 0.166667
3.25    0.166667
3.33333 0.166667
3.41667 0.166667
3.5     0.166667
3.58333 0.166667
3.66667 0.166667
3.75    0.166667
3.83333 0.166667
3.91667 0.166667
4       0.166667
4.08333 0.166667
4.16667 0.166667
4.25    0.166667
4.33333 0.166667
4.41667 0.166667
4.5     0.166667
4.58333 0.166667
4.66667 0.166667
4.75    0.166667
4.83333 0.166667
4.91667 0.166667
5       0.166667
0.0833333       0.2
0.166667        0.2
0.25    0.2
0.333333        0.2
0.416667        0.2
0.5     0.2
0.583333        0.2
0.666667        0.2
0.75    0.2
0.833333        0.2
0.916667        0.2
1       0.2
1.08333 0.2
1.16667 0.2
1.25    0.2
1.33333 0.2
1.41667 0.2
1.5     0.2
1.58333 0.2
1.66667 0.2
1.75    0.2
1.83333 0.2
1.91667 0.2
2       0.2
2.08333 0.2
2.16667 0.2
2.25    0.2
2.33333 0.2
2.41667 0.2
2.5     0.2
2.58333 0.2
2.66667 0.2
2.75    0.2
2.83333 0.2
2.91667 0.2
3       0.2
3.08333 0.2
3.16667 0.2
3.25    0.2
3.33333 0.2
3.41667 0.2
3.5     0.2
3.58333 0.2
3.66667 0.2
3.75    0.2
3.83333 0.2
3.91667 0.2
4       0.2
4.08333 0.2
4.16667 0.2
4.25    0.2
4.33333 0.2
4.41667 0.2
4.5     0.2
4.58333 0.2
4.66667 0.2
4.75    0.2
4.83333 0.2
4.91667 0.2
5       0.2
0.0833333       0.233333
0.166667        0.233333
0.25    0.233333
0.333333        0.233333
0.416667        0.233333
0.5     0.233333
0.583333        0.233333
0.666667        0.233333
0.75    0.233333
0.833333        0.233333
0.916667        0.233333
1       0.233333
1.08333 0.233333
1.16667 0.233333
1.25    0.233333
1.33333 0.233333
1.41667 0.233333
1.5     0.233333
1.58333 0.233333
1.66667 0.233333
1.75    0.233333
1.83333 0.233333
1.91667 0.233333
2       0.233333
2.08333 0.233333
2.16667 0.233333
2.25    0.233333
2.33333 0.233333
2.41667 0.233333
2.5     0.233333
2.58333 0.233333
2.66667 0.233333
2.75    0.233333
2.83333 0.233333
2.91667 0.233333
3       0.233333
3.08333 0.233333
3.16667 0.233333
3.25    0.233333
3.33333 0.233333
3.41667 0.233333
3.5     0.233333
3.58333 0.233333
3.66667 0.233333
3.75    0.233333
3.83333 0.233333
3.91667 0.233333
4       0.233333
4.08333 0.233333
4.16667 0.233333
4.25    0.233333
4.33333 0.233333
4.41667 0.233333
4.5     0.233333
4.58333 0.233333
4.66667 0.233333
4.75    0.233333
4.83333 0.233333
4.91667 0.233333
5       0.233333
0.0833333       0.266667
0.166667        0.266667
0.25    0.266667
0.333333        0.266667
0.416667        0.266667
0.5     0.266667
0.583333        0.266667
0.666667        0.266667
0.75    0.266667
0.833333        0.266667
0.916667        0.266667
1       0.266667
1.08333 0.266667
1.16667 0.266667
1.25    0.266667
1.33333 0.266667
1.41667 0.266667
1.5     0.266667
1.58333 0.266667
1.66667 0.266667
1.75    0.266667
1.83333 0.266667
1.91667 0.266667
2       0.266667
2.08333 0.266667
2.16667 0.266667
2.25    0.266667
2.33333 0.266667
2.41667 0.266667
2.5     0.266667
2.58333 0.266667
2.66667 0.266667
2.75    0.266667
2.83333 0.266667
2.91667 0.266667
3       0.266667
3.08333 0.266667
3.16667 0.266667
3.25    0.266667
3.33333 0.266667
3.41667 0.266667
3.5     0.266667
3.58333 0.266667
3.66667 0.266667
3.75    0.266667
3.83333 0.266667
3.91667 0.266667
4       0.266667
4.08333 0.266667
4.16667 0.266667
4.25    0.266667
4.33333 0.266667
4.41667 0.266667
4.5     0.266667
4.58333 0.266667
4.66667 0.266667
4.75    0.266667
4.83333 0.266667
4.91667 0.266667
5       0.266667
0.0833333       0.3
0.166667        0.3
0.25    0.3
0.333333        0.3
0.416667        0.3
0.5     0.3
0.583333        0.3
0.666667        0.3
0.75    0.3
0.833333        0.3
0.916667        0.3
1       0.3
1.08333 0.3
1.16667 0.3
1.25    0.3
1.33333 0.3
1.41667 0.3
1.5     0.3
1.58333 0.3
1.66667 0.3
1.75    0.3
1.83333 0.3
1.91667 0.3
2       0.3
2.08333 0.3
2.16667 0.3
2.25    0.3
2.33333 0.3
2.41667 0.3
2.5     0.3
2.58333 0.3
2.66667 0.3
2.75    0.3
2.83333 0.3
2.91667 0.3
3       0.3
3.08333 0.3
3.16667 0.3
3.25    0.3
3.33333 0.3
3.41667 0.3
3.5     0.3
3.58333 0.3
3.66667 0.3
3.75    0.3
3.83333 0.3
3.91667 0.3
4       0.3
4.08333 0.3
4.16667 0.3
4.25    0.3
4.33333 0.3
4.41667 0.3
4.5     0.3
4.58333 0.3
4.66667 0.3
4.75    0.3
4.83333 0.3
4.91667 0.3
5       0.3
0.0833333       0.333333
0.166667        0.333333
0.25    0.333333
0.333333        0.333333
0.416667        0.333333
0.5     0.333333
0.583333        0.333333
0.666667        0.333333
0.75    0.333333
0.833333        0.333333
0.916667        0.333333
1       0.333333
1.08333 0.333333
1.16667 0.333333
1.25    0.333333
1.33333 0.333333
1.41667 0.333333
1.5     0.333333
1.58333 0.333333
1.66667 0.333333
1.75    0.333333
1.83333 0.333333
1.91667 0.333333
2       0.333333
2.08333 0.333333
2.16667 0.333333
2.25    0.333333
2.33333 0.333333
2.41667 0.333333
2.5     0.333333
2.58333 0.333333
2.66667 0.333333
2.75    0.333333
2.83333 0.333333
2.91667 0.333333
3       0.333333
3.08333 0.333333
3.16667 0.333333
3.25    0.333333
3.33333 0.333333
3.41667 0.333333
3.5     0.333333
3.58333 0.333333
3.66667 0.333333
3.75    0.333333
3.83333 0.333333
3.91667 0.333333
4       0.333333
4.08333 0.333333
4.16667 0.333333
4.25    0.333333
4.33333 0.333333
4.41667 0.333333
4.5     0.333333
4.58333 0.333333
4.66667 0.333333
4.75    0.333333
4.83333 0.333333
4.91667 0.333333
5       0.333333
0.0833333       0.366667
0.166667        0.366667
0.25    0.366667
0.333333        0.366667
0.416667        0.366667
0.5     0.366667
0.583333        0.366667
0.666667        0.366667
0.75    0.366667
0.833333        0.366667
0.916667        0.366667
1       0.366667
1.08333 0.366667
1.16667 0.366667
1.25    0.366667
1.33333 0.366667
1.41667 0.366667
1.5     0.366667
1.58333 0.366667
1.66667 0.366667
1.75    0.366667
1.83333 0.366667
1.91667 0.366667
2       0.366667
2.08333 0.366667
2.16667 0.366667
2.25    0.366667
2.33333 0.366667
2.41667 0.366667
2.5     0.366667
2.58333 0.366667
2.66667 0.366667
2.75    0.366667
2.83333 0.366667
2.91667 0.366667
3       0.366667
3.08333 0.366667
3.16667 0.366667
3.25    0.366667
3.33333 0.366667
3.41667 0.366667
3.5     0.366667
3.58333 0.366667
3.66667 0.366667
3.75    0.366667
3.83333 0.366667
3.91667 0.366667
4       0.366667
4.08333 0.366667
4.16667 0.366667
4.25    0.366667
4.33333 0.366667
4.41667 0.366667
4.5     0.366667
4.58333 0.366667
4.66667 0.366667
4.75    0.366667
4.83333 0.366667
4.91667 0.366667
5       0.366667
0.0833333       0.4
0.166667        0.4
0.25    0.4
0.333333        0.4
0.416667        0.4
0.5     0.4
0.583333        0.4
0.666667        0.4
0.75    0.4
0.833333        0.4
0.916667        0.4
1       0.4
1.08333 0.4
1.16667 0.4
1.25    0.4
1.33333 0.4
1.41667 0.4
1.5     0.4
1.58333 0.4
1.66667 0.4
1.75    0.4
1.83333 0.4
1.91667 0.4
2       0.4
2.08333 0.4
2.16667 0.4
2.25    0.4
2.33333 0.4
2.41667 0.4
2.5     0.4
2.58333 0.4
2.66667 0.4
2.75    0.4
2.83333 0.4
2.91667 0.4
3       0.4
3.08333 0.4
3.16667 0.4
3.25    0.4
3.33333 0.4
3.41667 0.4
3.5     0.4
3.58333 0.4
3.66667 0.4
3.75    0.4
3.83333 0.4
3.91667 0.4
4       0.4
4.08333 0.4
4.16667 0.4
4.25    0.4
4.33333 0.4
4.41667 0.4
4.5     0.4
4.58333 0.4
4.66667 0.4
4.75    0.4
4.83333 0.4
4.91667 0.4
5       0.4
0.0833333       0.433333
0.166667        0.433333
0.25    0.433333
0.333333        0.433333
0.416667        0.433333
0.5     0.433333
0.583333        0.433333
0.666667        0.433333
0.75    0.433333
0.833333        0.433333
0.916667        0.433333
1       0.433333
1.08333 0.433333
1.16667 0.433333
1.25    0.433333
1.33333 0.433333
1.41667 0.433333
1.5     0.433333
1.58333 0.433333
1.66667 0.433333
1.75    0.433333
1.83333 0.433333
1.91667 0.433333
2       0.433333
2.08333 0.433333
2.16667 0.433333
2.25    0.433333
2.33333 0.433333
2.41667 0.433333
2.5     0.433333
2.58333 0.433333
2.66667 0.433333
2.75    0.433333
2.83333 0.433333
2.91667 0.433333
3       0.433333
3.08333 0.433333
3.16667 0.433333
3.25    0.433333
3.33333 0.433333
3.41667 0.433333
3.5     0.433333
3.58333 0.433333
3.66667 0.433333
3.75    0.433333
3.83333 0.433333
3.91667 0.433333
4       0.433333
4.08333 0.433333
4.16667 0.433333
4.25    0.433333
4.33333 0.433333
4.41667 0.433333
4.5     0.433333
4.58333 0.433333
4.66667 0.433333
4.75    0.433333
4.83333 0.433333
4.91667 0.433333
5       0.433333
0.0833333       0.466667
0.166667        0.466667
0.25    0.466667
0.333333        0.466667
0.416667        0.466667
0.5     0.466667
0.583333        0.466667
0.666667        0.466667
0.75    0.466667
0.833333        0.466667
0.916667        0.466667
1       0.466667
1.08333 0.466667
1.16667 0.466667
1.25    0.466667
1.33333 0.466667
1.41667 0.466667
1.5     0.466667
1.58333 0.466667
1.66667 0.466667
1.75    0.466667
1.83333 0.466667
1.91667 0.466667
2       0.466667
2.08333 0.466667
2.16667 0.466667
2.25    0.466667
2.33333 0.466667
2.41667 0.466667
2.5     0.466667
2.58333 0.466667
2.66667 0.466667
2.75    0.466667
2.83333 0.466667
2.91667 0.466667
3       0.466667
3.08333 0.466667
3.16667 0.466667
3.25    0.466667
3.33333 0.466667
3.41667 0.466667
3.5     0.466667
3.58333 0.466667
3.66667 0.466667
3.75    0.466667
3.83333 0.466667
3.91667 0.466667
4       0.466667
4.08333 0.466667
4.16667 0.466667
4.25    0.466667
4.33333 0.466667
4.41667 0.466667
4.5     0.466667
4.58333 0.466667
4.66667 0.466667
4.75    0.466667
4.83333 0.466667
4.91667 0.466667
5       0.466667
0.0833333       0.5
0.166667        0.5
0.25    0.5
0.333333        0.5
0.416667        0.5
0.5     0.5
0.583333        0.5
0.666667        0.5
0.75    0.5
0.833333        0.5
0.916667        0.5
1       0.5
1.08333 0.5
1.16667 0.5
1.25    0.5
1.33333 0.5
1.41667 0.5
1.5     0.5
1.58333 0.5
1.66667 0.5
1.75    0.5
1.83333 0.5
1.91667 0.5
2       0.5
2.08333 0.5
2.16667 0.5
2.25    0.5
2.33333 0.5
2.41667 0.5
2.5     0.5
2.58333 0.5
2.66667 0.5
2.75    0.5
2.83333 0.5
2.91667 0.5
3       0.5
3.08333 0.5
3.16667 0.5
3.25    0.5
3.33333 0.5
3.41667 0.5
3.5     0.5
3.58333 0.5
3.66667 0.5
3.75    0.5
3.83333 0.5
3.91667 0.5
4       0.5
4.08333 0.5
4.16667 0.5
4.25    0.5
4.33333 0.5
4.41667 0.5
4.5     0.5
4.58333 0.5
4.66667 0.5
4.75    0.5
4.83333 0.5
4.91667 0.5
5       0.5
0.0833333       0.533333
0.166667        0.533333
0.25    0.533333
0.333333        0.533333
0.416667        0.533333
0.5     0.533333
0.583333        0.533333
0.666667        0.533333
0.75    0.533333
0.833333        0.533333
0.916667        0.533333
1       0.533333
1.08333 0.533333
1.16667 0.533333
1.25    0.533333
1.33333 0.533333
1.41667 0.533333
1.5     0.533333
1.58333 0.533333
1.66667 0.533333
1.75    0.533333
1.83333 0.533333
1.91667 0.533333
2       0.533333
2.08333 0.533333
2.16667 0.533333
2.25    0.533333
2.33333 0.533333
2.41667 0.533333
2.5     0.533333
2.58333 0.533333
2.66667 0.533333
2.75    0.533333
2.83333 0.533333
2.91667 0.533333
3       0.533333
3.08333 0.533333
3.16667 0.533333
3.25    0.533333
3.33333 0.533333
3.41667 0.533333
3.5     0.533333
3.58333 0.533333
3.66667 0.533333
3.75    0.533333
3.83333 0.533333
3.91667 0.533333
4       0.533333
4.08333 0.533333
4.16667 0.533333
4.25    0.533333
4.33333 0.533333
4.41667 0.533333
4.5     0.533333
4.58333 0.533333
4.66667 0.533333
4.75    0.533333
4.83333 0.533333
4.91667 0.533333
5       0.533333
0.0833333       0.566667
0.166667        0.566667
0.25    0.566667
0.333333        0.566667
0.416667        0.566667
0.5     0.566667
0.583333        0.566667
0.666667        0.566667
0.75    0.566667
0.833333        0.566667
0.916667        0.566667
1       0.566667
1.08333 0.566667
1.16667 0.566667
1.25    0.566667
1.33333 0.566667
1.41667 0.566667
1.5     0.566667
1.58333 0.566667
1.66667 0.566667
1.75    0.566667
1.83333 0.566667
1.91667 0.566667
2       0.566667
2.08333 0.566667
2.16667 0.566667
2.25    0.566667
2.33333 0.566667
2.41667 0.566667
2.5     0.566667
2.58333 0.566667
2.66667 0.566667
2.75    0.566667
2.83333 0.566667
2.91667 0.566667
3       0.566667
3.08333 0.566667
3.16667 0.566667
3.25    0.566667
3.33333 0.566667
3.41667 0.566667
3.5     0.566667
3.58333 0.566667
3.66667 0.566667
3.75    0.566667
3.83333 0.566667
3.91667 0.566667
4       0.566667
4.08333 0.566667
4.16667 0.566667
4.25    0.566667
4.33333 0.566667
4.41667 0.566667
4.5     0.566667
4.58333 0.566667
4.66667 0.566667
4.75    0.566667
4.83333 0.566667
4.91667 0.566667
5       0.566667
0.0833333       0.6
0.166667        0.6
0.25    0.6
0.333333        0.6
0.416667        0.6
0.5     0.6
0.583333        0.6
0.666667        0.6
0.75    0.6
0.833333        0.6
0.916667        0.6
1       0.6
1.08333 0.6
1.16667 0.6
1.25    0.6
1.33333 0.6
1.41667 0.6
1.5     0.6
1.58333 0.6
1.66667 0.6
1.75    0.6
1.83333 0.6
1.91667 0.6
2       0.6
2.08333 0.6
2.16667 0.6
2.25    0.6
2.33333 0.6
2.41667 0.6
2.5     0.6
2.58333 0.6
2.66667 0.6
2.75    0.6
2.83333 0.6
2.91667 0.6
3       0.6
3.08333 0.6
3.16667 0.6
3.25    0.6
3.33333 0.6
3.41667 0.6
3.5     0.6
3.58333 0.6
3.66667 0.6
3.75    0.6
3.83333 0.6
3.91667 0.6
4       0.6
4.08333 0.6
4.16667 0.6
4.25    0.6
4.33333 0.6
4.41667 0.6
4.5     0.6
4.58333 0.6
4.66667 0.6
4.75    0.6
4.83333 0.6
4.91667 0.6
5       0.6
0.0833333       0.633333
0.166667        0.633333
0.25    0.633333
0.333333        0.633333
0.416667        0.633333
0.5     0.633333
0.583333        0.633333
0.666667        0.633333
0.75    0.633333
0.833333        0.633333
0.916667        0.633333
1       0.633333
1.08333 0.633333
1.16667 0.633333
1.25    0.633333
1.33333 0.633333
1.41667 0.633333
1.5     0.633333
1.58333 0.633333
1.66667 0.633333
1.75    0.633333
1.83333 0.633333
1.91667 0.633333
2       0.633333
2.08333 0.633333
2.16667 0.633333
2.25    0.633333
2.33333 0.633333
2.41667 0.633333
2.5     0.633333
2.58333 0.633333
2.66667 0.633333
2.75    0.633333
2.83333 0.633333
2.91667 0.633333
3       0.633333
3.08333 0.633333
3.16667 0.633333
3.25    0.633333
3.33333 0.633333
3.41667 0.633333
3.5     0.633333
3.58333 0.633333
3.66667 0.633333
3.75    0.633333
3.83333 0.633333
3.91667 0.633333
4       0.633333
4.08333 0.633333
4.16667 0.633333
4.25    0.633333
4.33333 0.633333
4.41667 0.633333
4.5     0.633333
4.58333 0.633333
4.66667 0.633333
4.75    0.633333
4.83333 0.633333
4.91667 0.633333
5       0.633333
0.0833333       0.666667
0.166667        0.666667
0.25    0.666667
0.333333        0.666667
0.416667        0.666667
0.5     0.666667
0.583333        0.666667
0.666667        0.666667
0.75    0.666667
0.833333        0.666667
0.916667        0.666667
1       0.666667
1.08333 0.666667
1.16667 0.666667
1.25    0.666667
1.33333 0.666667
1.41667 0.666667
1.5     0.666667
1.58333 0.666667
1.66667 0.666667
1.75    0.666667
1.83333 0.666667
1.91667 0.666667
2       0.666667
2.08333 0.666667
2.16667 0.666667
2.25    0.666667
2.33333 0.666667
2.41667 0.666667
2.5     0.666667
2.58333 0.666667
2.66667 0.666667
2.75    0.666667
2.83333 0.666667
2.91667 0.666667
3       0.666667
3.08333 0.666667
3.16667 0.666667
3.25    0.666667
3.33333 0.666667
3.41667 0.666667
3.5     0.666667
3.58333 0.666667
3.66667 0.666667
3.75    0.666667
3.83333 0.666667
3.91667 0.666667
4       0.666667
4.08333 0.666667
4.16667 0.666667
4.25    0.666667
4.33333 0.666667
4.41667 0.666667
4.5     0.666667
4.58333 0.666667
4.66667 0.666667
4.75    0.666667
4.83333 0.666667
4.91667 0.666667
5       0.666667
0.0833333       0.7
0.166667        0.7
0.25    0.7
0.333333        0.7
0.416667        0.7
0.5     0.7
0.583333        0.7
0.666667        0.7
0.75    0.7
0.833333        0.7
0.916667        0.7
1       0.7
1.08333 0.7
1.16667 0.7
1.25    0.7
1.33333 0.7
1.41667 0.7
1.5     0.7
1.58333 0.7
1.66667 0.7
1.75    0.7
1.83333 0.7
1.91667 0.7
2       0.7
2.08333 0.7
2.16667 0.7
2.25    0.7
2.33333 0.7
2.41667 0.7
2.5     0.7
2.58333 0.7
2.66667 0.7
2.75    0.7
2.83333 0.7
2.91667 0.7
3       0.7
3.08333 0.7
3.16667 0.7
3.25    0.7
3.33333 0.7
3.41667 0.7
3.5     0.7
3.58333 0.7
3.66667 0.7
3.75    0.7
3.83333 0.7
3.91667 0.7
4       0.7
4.08333 0.7
4.16667 0.7
4.25    0.7
4.33333 0.7
4.41667 0.7
4.5     0.7
4.58333 0.7
4.66667 0.7
4.75    0.7
4.83333 0.7
4.91667 0.7
5       0.7
0.0833333       0.733333
0.166667        0.733333
0.25    0.733333
0.333333        0.733333
0.416667        0.733333
0.5     0.733333
0.583333        0.733333
0.666667        0.733333
0.75    0.733333
0.833333        0.733333
0.916667        0.733333
1       0.733333
1.08333 0.733333
1.16667 0.733333
1.25    0.733333
1.33333 0.733333
1.41667 0.733333
1.5     0.733333
1.58333 0.733333
1.66667 0.733333
1.75    0.733333
1.83333 0.733333
1.91667 0.733333
2       0.733333
2.08333 0.733333
2.16667 0.733333
2.25    0.733333
2.33333 0.733333
2.41667 0.733333
2.5     0.733333
2.58333 0.733333
2.66667 0.733333
2.75    0.733333
2.83333 0.733333
2.91667 0.733333
3       0.733333
3.08333 0.733333
3.16667 0.733333
3.25    0.733333
3.33333 0.733333
3.41667 0.733333
3.5     0.733333
3.58333 0.733333
3.66667 0.733333
3.75    0.733333
3.83333 0.733333
3.91667 0.733333
4       0.733333
4.08333 0.733333
4.16667 0.733333
4.25    0.733333
4.33333 0.733333
4.41667 0.733333
4.5     0.733333
4.58333 0.733333
4.66667 0.733333
4.75    0.733333
4.83333 0.733333
4.91667 0.733333
5       0.733333
0.0833333       0.766667
0.166667        0.766667
0.25    0.766667
0.333333        0.766667
0.416667        0.766667
0.5     0.766667
0.583333        0.766667
0.666667        0.766667
0.75    0.766667
0.833333        0.766667
0.916667        0.766667
1       0.766667
1.08333 0.766667
1.16667 0.766667
1.25    0.766667
1.33333 0.766667
1.41667 0.766667
1.5     0.766667
1.58333 0.766667
1.66667 0.766667
1.75    0.766667
1.83333 0.766667
1.91667 0.766667
2       0.766667
2.08333 0.766667
2.16667 0.766667
2.25    0.766667
2.33333 0.766667
2.41667 0.766667
2.5     0.766667
2.58333 0.766667
2.66667 0.766667
2.75    0.766667
2.83333 0.766667
2.91667 0.766667
3       0.766667
3.08333 0.766667
3.16667 0.766667
3.25    0.766667
3.33333 0.766667
3.41667 0.766667
3.5     0.766667
3.58333 0.766667
3.66667 0.766667
3.75    0.766667
3.83333 0.766667
3.91667 0.766667
4       0.766667
4.08333 0.766667
4.16667 0.766667
4.25    0.766667
4.33333 0.766667
4.41667 0.766667
4.5     0.766667
4.58333 0.766667
4.66667 0.766667
4.75    0.766667
4.83333 0.766667
4.91667 0.766667
5       0.766667
0.0833333       0.8
0.166667        0.8
0.25    0.8
0.333333        0.8
0.416667        0.8
0.5     0.8
0.583333        0.8
0.666667        0.8
0.75    0.8
0.833333        0.8
0.916667        0.8
1       0.8
1.08333 0.8
1.16667 0.8
1.25    0.8
1.33333 0.8
1.41667 0.8
1.5     0.8
1.58333 0.8
1.66667 0.8
1.75    0.8
1.83333 0.8
1.91667 0.8
2       0.8
2.08333 0.8
2.16667 0.8
2.25    0.8
2.33333 0.8
2.41667 0.8
2.5     0.8
2.58333 0.8
2.66667 0.8
2.75    0.8
2.83333 0.8
2.91667 0.8
3       0.8
3.08333 0.8
3.16667 0.8
3.25    0.8
3.33333 0.8
3.41667 0.8
3.5     0.8
3.58333 0.8
3.66667 0.8
3.75    0.8
3.83333 0.8
3.91667 0.8
4       0.8
4.08333 0.8
4.16667 0.8
4.25    0.8
4.33333 0.8
4.41667 0.8
4.5     0.8
4.58333 0.8
4.66667 0.8
4.75    0.8
4.83333 0.8
4.91667 0.8
5       0.8
0.0833333       0.833333
0.166667        0.833333
0.25    0.833333
0.333333        0.833333
0.416667        0.833333
0.5     0.833333
0.583333        0.833333
0.666667        0.833333
0.75    0.833333
0.833333        0.833333
0.916667        0.833333
1       0.833333
1.08333 0.833333
1.16667 0.833333
1.25    0.833333
1.33333 0.833333
1.41667 0.833333
1.5     0.833333
1.58333 0.833333
1.66667 0.833333
1.75    0.833333
1.83333 0.833333
1.91667 0.833333
2       0.833333
2.08333 0.833333
2.16667 0.833333
2.25    0.833333
2.33333 0.833333
2.41667 0.833333
2.5     0.833333
2.58333 0.833333
2.66667 0.833333
2.75    0.833333
2.83333 0.833333
2.91667 0.833333
3       0.833333
3.08333 0.833333
3.16667 0.833333
3.25    0.833333
3.33333 0.833333
3.41667 0.833333
3.5     0.833333
3.58333 0.833333
3.66667 0.833333
3.75    0.833333
3.83333 0.833333
3.91667 0.833333
4       0.833333
4.08333 0.833333
4.16667 0.833333
4.25    0.833333
4.33333 0.833333
4.41667 0.833333
4.5     0.833333
4.58333 0.833333
4.66667 0.833333
4.75    0.833333
4.83333 0.833333
4.91667 0.833333
5       0.833333
0.0833333       0.866667
0.166667        0.866667
0.25    0.866667
0.333333        0.866667
0.416667        0.866667
0.5     0.866667
0.583333        0.866667
0.666667        0.866667
0.75    0.866667
0.833333        0.866667
0.916667        0.866667
1       0.866667
1.08333 0.866667
1.16667 0.866667
1.25    0.866667
1.33333 0.866667
1.41667 0.866667
1.5     0.866667
1.58333 0.866667
1.66667 0.866667
1.75    0.866667
1.83333 0.866667
1.91667 0.866667
2       0.866667
2.08333 0.866667
2.16667 0.866667
2.25    0.866667
2.33333 0.866667
2.41667 0.866667
2.5     0.866667
2.58333 0.866667
2.66667 0.866667
2.75    0.866667
2.83333 0.866667
2.91667 0.866667
3       0.866667
3.08333 0.866667
3.16667 0.866667
3.25    0.866667
3.33333 0.866667
3.41667 0.866667
3.5     0.866667
3.58333 0.866667
3.66667 0.866667
3.75    0.866667
3.83333 0.866667
3.91667 0.866667
4       0.866667
4.08333 0.866667
4.16667 0.866667
4.25    0.866667
4.33333 0.866667
4.41667 0.866667
4.5     0.866667
4.58333 0.866667
4.66667 0.866667
4.75    0.866667
4.83333 0.866667
4.91667 0.866667
5       0.866667
0.0833333       0.9
0.166667        0.9
0.25    0.9
0.333333        0.9
0.416667        0.9
0.5     0.9
0.583333        0.9
0.666667        0.9
0.75    0.9
0.833333        0.9
0.916667        0.9
1       0.9
1.08333 0.9
1.16667 0.9
1.25    0.9
1.33333 0.9
1.41667 0.9
1.5     0.9
1.58333 0.9
1.66667 0.9
1.75    0.9
1.83333 0.9
1.91667 0.9
2       0.9
2.08333 0.9
2.16667 0.9
2.25    0.9
2.33333 0.9
2.41667 0.9
2.5     0.9
2.58333 0.9
2.66667 0.9
2.75    0.9
2.83333 0.9
2.91667 0.9
3       0.9
3.08333 0.9
3.16667 0.9
3.25    0.9
3.33333 0.9
3.41667 0.9
3.5     0.9
3.58333 0.9
3.66667 0.9
3.75    0.9
3.83333 0.9
3.91667 0.9
4       0.9
4.08333 0.9
4.16667 0.9
4.25    0.9
4.33333 0.9
4.41667 0.9
4.5     0.9
4.58333 0.9
4.66667 0.9
4.75    0.9
4.83333 0.9
4.91667 0.9
5       0.9
0.0833333       0.933333
0.166667        0.933333
0.25    0.933333
0.333333        0.933333
0.416667        0.933333
0.5     0.933333
0.583333        0.933333
0.666667        0.933333
0.75    0.933333
0.833333        0.933333
0.916667        0.933333
1       0.933333
1.08333 0.933333
1.16667 0.933333
1.25    0.933333
1.33333 0.933333
1.41667 0.933333
1.5     0.933333
1.58333 0.933333
1.66667 0.933333
1.75    0.933333
1.83333 0.933333
1.91667 0.933333
2       0.933333
2.08333 0.933333
2.16667 0.933333
2.25    0.933333
2.33333 0.933333
2.41667 0.933333
2.5     0.933333
2.58333 0.933333
2.66667 0.933333
2.75    0.933333
2.83333 0.933333
2.91667 0.933333
3       0.933333
3.08333 0.933333
3.16667 0.933333
3.25    0.933333
3.33333 0.933333
3.41667 0.933333
3.5     0.933333
3.58333 0.933333
3.66667 0.933333
3.75    0.933333
3.83333 0.933333
3.91667 0.933333
4       0.933333
4.08333 0.933333
4.16667 0.933333
4.25    0.933333
4.33333 0.933333
4.41667 0.933333
4.5     0.933333
4.58333 0.933333
4.66667 0.933333
4.75    0.933333
4.83333 0.933333
4.91667 0.933333
5       0.933333
0.0833333       0.966667
0.166667        0.966667
0.25    0.966667
0.333333        0.966667
0.416667        0.966667
0.5     0.966667
0.583333        0.966667
0.666667        0.966667
0.75    0.966667
0.833333        0.966667
0.916667        0.966667
1       0.966667
1.08333 0.966667
1.16667 0.966667
1.25    0.966667
1.33333 0.966667
1.41667 0.966667
1.5     0.966667
1.58333 0.966667
1.66667 0.966667
1.75    0.966667
1.83333 0.966667
1.91667 0.966667
2       0.966667
2.08333 0.966667
2.16667 0.966667
2.25    0.966667
2.33333 0.966667
2.41667 0.966667
2.5     0.966667
2.58333 0.966667
2.66667 0.966667
2.75    0.966667
2.83333 0.966667
2.91667 0.966667
3       0.966667
3.08333 0.966667
3.16667 0.966667
3.25    0.966667
3.33333 0.966667
3.41667 0.966667
3.5     0.966667
3.58333 0.966667
3.66667 0.966667
3.75    0.966667
3.83333 0.966667
3.91667 0.966667
4       0.966667
4.08333 0.966667
4.16667 0.966667
4.25    0.966667
4.33333 0.966667
4.41667 0.966667
4.5     0.966667
4.58333 0.966667
4.66667 0.966667
4.75    0.966667
4.83333 0.966667
4.91667 0.966667
5       0.966667
0.0833333       1
0.166667        1
0.25    1
0.333333        1
0.416667        1
0.5     1
0.583333        1
0.666667        1
0.75    1
0.833333        1
0.916667        1
1       1
1.08333 1
1.16667 1
1.25    1
1.33333 1
1.41667 1
1.5     1
1.58333 1
1.66667 1
1.75    1
1.83333 1
1.91667 1
2       1
2.08333 1
2.16667 1
2.25    1
2.33333 1
2.41667 1
2.5     1
2.58333 1
2.66667 1
2.75    1
2.83333 1
2.91667 1
3       1
3.08333 1
3.16667 1
3.25    1
3.33333 1
3.41667 1
3.5     1
3.58333 1
3.66667 1
3.75    1
3.83333 1
3.91667 1
4       1
4.08333 1
4.16667 1
4.25    1
4.33333 1
4.41667 1
4.5     1
4.58333 1
4.66667 1
4.75    1
4.83333 1
4.91667 1
5       1
0.0833333       1.03333
0.166667        1.03333
0.25    1.03333
0.333333        1.03333
0.416667        1.03333
0.5     1.03333
0.583333        1.03333
0.666667        1.03333
0.75    1.03333
0.833333        1.03333
0.916667        1.03333
1       1.03333
1.08333 1.03333
1.16667 1.03333
1.25    1.03333
1.33333 1.03333
1.41667 1.03333
1.5     1.03333
1.58333 1.03333
1.66667 1.03333
1.75    1.03333
1.83333 1.03333
1.91667 1.03333
2       1.03333
2.08333 1.03333
2.16667 1.03333
2.25    1.03333
2.33333 1.03333
2.41667 1.03333
2.5     1.03333
2.58333 1.03333
2.66667 1.03333
2.75    1.03333
2.83333 1.03333
2.91667 1.03333
3       1.03333
3.08333 1.03333
3.16667 1.03333
3.25    1.03333
3.33333 1.03333
3.41667 1.03333
3.5     1.03333
3.58333 1.03333
3.66667 1.03333
3.75    1.03333
3.83333 1.03333
3.91667 1.03333
4       1.03333
4.08333 1.03333
4.16667 1.03333
4.25    1.03333
4.33333 1.03333
4.41667 1.03333
4.5     1.03333
4.58333 1.03333
4.66667 1.03333
4.75    1.03333
4.83333 1.03333
4.91667 1.03333
5       1.03333
0.0833333       1.06667
0.166667        1.06667
0.25    1.06667
0.333333        1.06667
0.416667        1.06667
0.5     1.06667
0.583333        1.06667
0.666667        1.06667
0.75    1.06667
0.833333        1.06667
0.916667        1.06667
1       1.06667
1.08333 1.06667
1.16667 1.06667
1.25    1.06667
1.33333 1.06667
1.41667 1.06667
1.5     1.06667
1.58333 1.06667
1.66667 1.06667
1.75    1.06667
1.83333 1.06667
1.91667 1.06667
2       1.06667
2.08333 1.06667
2.16667 1.06667
2.25    1.06667
2.33333 1.06667
2.41667 1.06667
2.5     1.06667
2.58333 1.06667
2.66667 1.06667
2.75    1.06667
2.83333 1.06667
2.91667 1.06667
3       1.06667
3.08333 1.06667
3.16667 1.06667
3.25    1.06667
3.33333 1.06667
3.41667 1.06667
3.5     1.06667
3.58333 1.06667
3.66667 1.06667
3.75    1.06667
3.83333 1.06667
3.91667 1.06667
4       1.06667
4.08333 1.06667
4.16667 1.06667
4.25    1.06667
4.33333 1.06667
4.41667 1.06667
4.5     1.06667
4.58333 1.06667
4.66667 1.06667
4.75    1.06667
4.83333 1.06667
4.91667 1.06667
5       1.06667
0.0833333       1.1
0.166667        1.1
0.25    1.1
0.333333        1.1
0.416667        1.1
0.5     1.1
0.583333        1.1
0.666667        1.1
0.75    1.1
0.833333        1.1
0.916667        1.1
1       1.1
1.08333 1.1
1.16667 1.1
1.25    1.1
1.33333 1.1
1.41667 1.1
1.5     1.1
1.58333 1.1
1.66667 1.1
1.75    1.1
1.83333 1.1
1.91667 1.1
2       1.1
2.08333 1.1
2.16667 1.1
2.25    1.1
2.33333 1.1
2.41667 1.1
2.5     1.1
2.58333 1.1
2.66667 1.1
2.75    1.1
2.83333 1.1
2.91667 1.1
3       1.1
3.08333 1.1
3.16667 1.1
3.25    1.1
3.33333 1.1
3.41667 1.1
3.5     1.1
3.58333 1.1
3.66667 1.1
3.75    1.1
3.83333 1.1
3.91667 1.1
4       1.1
4.08333 1.1
4.16667 1.1
4.25    1.1
4.33333 1.1
4.41667 1.1
4.5     1.1
4.58333 1.1
4.66667 1.1
4.75    1.1
4.83333 1.1
4.91667 1.1
5       1.1
0.0833333       1.13333
0.166667        1.13333
0.25    1.13333
0.333333        1.13333
0.416667        1.13333
0.5     1.13333
0.583333        1.13333
0.666667        1.13333
0.75    1.13333
0.833333        1.13333
0.916667        1.13333
1       1.13333
1.08333 1.13333
1.16667 1.13333
1.25    1.13333
1.33333 1.13333
1.41667 1.13333
1.5     1.13333
1.58333 1.13333
1.66667 1.13333
1.75    1.13333
1.83333 1.13333
1.91667 1.13333
2       1.13333
2.08333 1.13333
2.16667 1.13333
2.25    1.13333
2.33333 1.13333
2.41667 1.13333
2.5     1.13333
2.58333 1.13333
2.66667 1.13333
2.75    1.13333
2.83333 1.13333
2.91667 1.13333
3       1.13333
3.08333 1.13333
3.16667 1.13333
3.25    1.13333
3.33333 1.13333
3.41667 1.13333
3.5     1.13333
3.58333 1.13333
3.66667 1.13333
3.75    1.13333
3.83333 1.13333
3.91667 1.13333
4       1.13333
4.08333 1.13333
4.16667 1.13333
4.25    1.13333
4.33333 1.13333
4.41667 1.13333
4.5     1.13333
4.58333 1.13333
4.66667 1.13333
4.75    1.13333
4.83333 1.13333
4.91667 1.13333
5       1.13333
0.0833333       1.16667
0.166667        1.16667
0.25    1.16667
0.333333        1.16667
0.416667        1.16667
0.5     1.16667
0.583333        1.16667
0.666667        1.16667
0.75    1.16667
0.833333        1.16667
0.916667        1.16667
1       1.16667
1.08333 1.16667
1.16667 1.16667
1.25    1.16667
1.33333 1.16667
1.41667 1.16667
1.5     1.16667
1.58333 1.16667
1.66667 1.16667
1.75    1.16667
1.83333 1.16667
1.91667 1.16667
2       1.16667
2.08333 1.16667
2.16667 1.16667
2.25    1.16667
2.33333 1.16667
2.41667 1.16667
2.5     1.16667
2.58333 1.16667
2.66667 1.16667
2.75    1.16667
2.83333 1.16667
2.91667 1.16667
3       1.16667
3.08333 1.16667
3.16667 1.16667
3.25    1.16667
3.33333 1.16667
3.41667 1.16667
3.5     1.16667
3.58333 1.16667
3.66667 1.16667
3.75    1.16667
3.83333 1.16667
3.91667 1.16667
4       1.16667
4.08333 1.16667
4.16667 1.16667
4.25    1.16667
4.33333 1.16667
4.41667 1.16667
4.5     1.16667
4.58333 1.16667
4.66667 1.16667
4.75    1.16667
4.83333 1.16667
4.91667 1.16667
5       1.16667
0.0833333       1.2
0.166667        1.2
0.25    1.2
0.333333        1.2
0.416667        1.2
0.5     1.2
0.583333        1.2
0.666667        1.2
0.75    1.2
0.833333        1.2
0.916667        1.2
1       1.2
1.08333 1.2
1.16667 1.2
1.25    1.2
1.33333 1.2
1.41667 1.2
1.5     1.2
1.58333 1.2
1.66667 1.2
1.75    1.2
1.83333 1.2
1.91667 1.2
2       1.2
2.08333 1.2
2.16667 1.2
2.25    1.2
2.33333 1.2
2.41667 1.2
2.5     1.2
2.58333 1.2
2.66667 1.2
2.75    1.2
2.83333 1.2
2.91667 1.2
3       1.2
3.08333 1.2
3.16667 1.2
3.25    1.2
3.33333 1.2
3.41667 1.2
3.5     1.2
3.58333 1.2
3.66667 1.2
3.75    1.2
3.83333 1.2
3.91667 1.2
4       1.2
4.08333 1.2
4.16667 1.2
4.25    1.2
4.33333 1.2
4.41667 1.2
4.5     1.2
4.58333 1.2
4.66667 1.2
4.75    1.2
4.83333 1.2
4.91667 1.2
5       1.2
0.0833333       1.23333
0.166667        1.23333
0.25    1.23333
0.333333        1.23333
0.416667        1.23333
0.5     1.23333
0.583333        1.23333
0.666667        1.23333
0.75    1.23333
0.833333        1.23333
0.916667        1.23333
1       1.23333
1.08333 1.23333
1.16667 1.23333
1.25    1.23333
1.33333 1.23333
1.41667 1.23333
1.5     1.23333
1.58333 1.23333
1.66667 1.23333
1.75    1.23333
1.83333 1.23333
1.91667 1.23333
2       1.23333
2.08333 1.23333
2.16667 1.23333
2.25    1.23333
2.33333 1.23333
2.41667 1.23333
2.5     1.23333
2.58333 1.23333
2.66667 1.23333
2.75    1.23333
2.83333 1.23333
2.91667 1.23333
3       1.23333
3.08333 1.23333
3.16667 1.23333
3.25    1.23333
3.33333 1.23333
3.41667 1.23333
3.5     1.23333
3.58333 1.23333
3.66667 1.23333
3.75    1.23333
3.83333 1.23333
3.91667 1.23333
4       1.23333
4.08333 1.23333
4.16667 1.23333
4.25    1.23333
4.33333 1.23333
4.41667 1.23333
4.5     1.23333
4.58333 1.23333
4.66667 1.23333
4.75    1.23333
4.83333 1.23333
4.91667 1.23333
5       1.23333
0.0833333       1.26667
0.166667        1.26667
0.25    1.26667
0.333333        1.26667
0.416667        1.26667
0.5     1.26667
0.583333        1.26667
0.666667        1.26667
0.75    1.26667
0.833333        1.26667
0.916667        1.26667
1       1.26667
1.08333 1.26667
1.16667 1.26667
1.25    1.26667
1.33333 1.26667
1.41667 1.26667
1.5     1.26667
1.58333 1.26667
1.66667 1.26667
1.75    1.26667
1.83333 1.26667
1.91667 1.26667
2       1.26667
2.08333 1.26667
2.16667 1.26667
2.25    1.26667
2.33333 1.26667
2.41667 1.26667
2.5     1.26667
2.58333 1.26667
2.66667 1.26667
2.75    1.26667
2.83333 1.26667
2.91667 1.26667
3       1.26667
3.08333 1.26667
3.16667 1.26667
3.25    1.26667
3.33333 1.26667
3.41667 1.26667
3.5     1.26667
3.58333 1.26667
3.66667 1.26667
3.75    1.26667
3.83333 1.26667
3.91667 1.26667
4       1.26667
4.08333 1.26667
4.16667 1.26667
4.25    1.26667
4.33333 1.26667
4.41667 1.26667
4.5     1.26667
4.58333 1.26667
4.66667 1.26667
4.75    1.26667
4.83333 1.26667
4.91667 1.26667
5       1.26667
0.0833333       1.3
0.166667        1.3
0.25    1.3
0.333333        1.3
0.416667        1.3
0.5     1.3
0.583333        1.3
0.666667        1.3
0.75    1.3
0.833333        1.3
0.916667        1.3
1       1.3
1.08333 1.3
1.16667 1.3
1.25    1.3
1.33333 1.3
1.41667 1.3
1.5     1.3
1.58333 1.3
1.66667 1.3
1.75    1.3
1.83333 1.3
1.91667 1.3
2       1.3
2.08333 1.3
2.16667 1.3
2.25    1.3
2.33333 1.3
2.41667 1.3
2.5     1.3
2.58333 1.3
2.66667 1.3
2.75    1.3
2.83333 1.3
2.91667 1.3
3       1.3
3.08333 1.3
3.16667 1.3
3.25    1.3
3.33333 1.3
3.41667 1.3
3.5     1.3
3.58333 1.3
3.66667 1.3
3.75    1.3
3.83333 1.3
3.91667 1.3
4       1.3
4.08333 1.3
4.16667 1.3
4.25    1.3
4.33333 1.3
4.41667 1.3
4.5     1.3
4.58333 1.3
4.66667 1.3
4.75    1.3
4.83333 1.3
4.91667 1.3
5       1.3
0.0833333       1.33333
0.166667        1.33333
0.25    1.33333
0.333333        1.33333
0.416667        1.33333
0.5     1.33333
0.583333        1.33333
0.666667        1.33333
0.75    1.33333
0.833333        1.33333
0.916667        1.33333
1       1.33333
1.08333 1.33333
1.16667 1.33333
1.25    1.33333
1.33333 1.33333
1.41667 1.33333
1.5     1.33333
1.58333 1.33333
1.66667 1.33333
1.75    1.33333
1.83333 1.33333
1.91667 1.33333
2       1.33333
2.08333 1.33333
2.16667 1.33333
2.25    1.33333
2.33333 1.33333
2.41667 1.33333
2.5     1.33333
2.58333 1.33333
2.66667 1.33333
2.75    1.33333
2.83333 1.33333
2.91667 1.33333
3       1.33333
3.08333 1.33333
3.16667 1.33333
3.25    1.33333
3.33333 1.33333
3.41667 1.33333
3.5     1.33333
3.58333 1.33333
3.66667 1.33333
3.75    1.33333
3.83333 1.33333
3.91667 1.33333
4       1.33333
4.08333 1.33333
4.16667 1.33333
4.25    1.33333
4.33333 1.33333
4.41667 1.33333
4.5     1.33333
4.58333 1.33333
4.66667 1.33333
4.75    1.33333
4.83333 1.33333
4.91667 1.33333
5       1.33333
0.0833333       1.36667
0.166667        1.36667
0.25    1.36667
0.333333        1.36667
0.416667        1.36667
0.5     1.36667
0.583333        1.36667
0.666667        1.36667
0.75    1.36667
0.833333        1.36667
0.916667        1.36667
1       1.36667
1.08333 1.36667
1.16667 1.36667
1.25    1.36667
1.33333 1.36667
1.41667 1.36667
1.5     1.36667
1.58333 1.36667
1.66667 1.36667
1.75    1.36667
1.83333 1.36667
1.91667 1.36667
2       1.36667
2.08333 1.36667
2.16667 1.36667
2.25    1.36667
2.33333 1.36667
2.41667 1.36667
2.5     1.36667
2.58333 1.36667
2.66667 1.36667
2.75    1.36667
2.83333 1.36667
2.91667 1.36667
3       1.36667
3.08333 1.36667
3.16667 1.36667
3.25    1.36667
3.33333 1.36667
3.41667 1.36667
3.5     1.36667
3.58333 1.36667
3.66667 1.36667
3.75    1.36667
3.83333 1.36667
3.91667 1.36667
4       1.36667
4.08333 1.36667
4.16667 1.36667
4.25    1.36667
4.33333 1.36667
4.41667 1.36667
4.5     1.36667
4.58333 1.36667
4.66667 1.36667
4.75    1.36667
4.83333 1.36667
4.91667 1.36667
5       1.36667
0.0833333       1.4
0.166667        1.4
0.25    1.4
0.333333        1.4
0.416667        1.4
0.5     1.4
0.583333        1.4
0.666667        1.4
0.75    1.4
0.833333        1.4
0.916667        1.4
1       1.4
1.08333 1.4
1.16667 1.4
1.25    1.4
1.33333 1.4
1.41667 1.4
1.5     1.4
1.58333 1.4
1.66667 1.4
1.75    1.4
1.83333 1.4
1.91667 1.4
2       1.4
2.08333 1.4
2.16667 1.4
2.25    1.4
2.33333 1.4
2.41667 1.4
2.5     1.4
2.58333 1.4
2.66667 1.4
2.75    1.4
2.83333 1.4
2.91667 1.4
3       1.4
3.08333 1.4
3.16667 1.4
3.25    1.4
3.33333 1.4
3.41667 1.4
3.5     1.4
3.58333 1.4
3.66667 1.4
3.75    1.4
3.83333 1.4
3.91667 1.4
4       1.4
4.08333 1.4
4.16667 1.4
4.25    1.4
4.33333 1.4
4.41667 1.4
4.5     1.4
4.58333 1.4
4.66667 1.4
4.75    1.4
4.83333 1.4
4.91667 1.4
5       1.4
0.0833333       1.43333
0.166667        1.43333
0.25    1.43333
0.333333        1.43333
0.416667        1.43333
0.5     1.43333
0.583333        1.43333
0.666667        1.43333
0.75    1.43333
0.833333        1.43333
0.916667        1.43333
1       1.43333
1.08333 1.43333
1.16667 1.43333
1.25    1.43333
1.33333 1.43333
1.41667 1.43333
1.5     1.43333
1.58333 1.43333
1.66667 1.43333
1.75    1.43333
1.83333 1.43333
1.91667 1.43333
2       1.43333
2.08333 1.43333
2.16667 1.43333
2.25    1.43333
2.33333 1.43333
2.41667 1.43333
2.5     1.43333
2.58333 1.43333
2.66667 1.43333
2.75    1.43333
2.83333 1.43333
2.91667 1.43333
3       1.43333
3.08333 1.43333
3.16667 1.43333
3.25    1.43333
3.33333 1.43333
3.41667 1.43333
3.5     1.43333
3.58333 1.43333
3.66667 1.43333
3.75    1.43333
3.83333 1.43333
3.91667 1.43333
4       1.43333
4.08333 1.43333
4.16667 1.43333
4.25    1.43333
4.33333 1.43333
4.41667 1.43333
4.5     1.43333
4.58333 1.43333
4.66667 1.43333
4.75    1.43333
4.83333 1.43333
4.91667 1.43333
5       1.43333
0.0833333       1.46667
0.166667        1.46667
0.25    1.46667
0.333333        1.46667
0.416667        1.46667
0.5     1.46667
0.583333        1.46667
0.666667        1.46667
0.75    1.46667
0.833333        1.46667
0.916667        1.46667
1       1.46667
1.08333 1.46667
1.16667 1.46667
1.25    1.46667
1.33333 1.46667
1.41667 1.46667
1.5     1.46667
1.58333 1.46667
1.66667 1.46667
1.75    1.46667
1.83333 1.46667
1.91667 1.46667
2       1.46667
2.08333 1.46667
2.16667 1.46667
2.25    1.46667
2.33333 1.46667
2.41667 1.46667
2.5     1.46667
2.58333 1.46667
2.66667 1.46667
2.75    1.46667
2.83333 1.46667
2.91667 1.46667
3       1.46667
3.08333 1.46667
3.16667 1.46667
3.25    1.46667
3.33333 1.46667
3.41667 1.46667
3.5     1.46667
3.58333 1.46667
3.66667 1.46667
3.75    1.46667
3.83333 1.46667
3.91667 1.46667
4       1.46667
4.08333 1.46667
4.16667 1.46667
4.25    1.46667
4.33333 1.46667
4.41667 1.46667
4.5     1.46667
4.58333 1.46667
4.66667 1.46667
4.75    1.46667
4.83333 1.46667
4.91667 1.46667
5       1.46667
0.0833333       1.5
0.166667        1.5
0.25    1.5
0.333333        1.5
0.416667        1.5
0.5     1.5
0.583333        1.5
0.666667        1.5
0.75    1.5
0.833333        1.5
0.916667        1.5
1       1.5
1.08333 1.5
1.16667 1.5
1.25    1.5
1.33333 1.5
1.41667 1.5
1.5     1.5
1.58333 1.5
1.66667 1.5
1.75    1.5
1.83333 1.5
1.91667 1.5
2       1.5
2.08333 1.5
2.16667 1.5
2.25    1.5
2.33333 1.5
2.41667 1.5
2.5     1.5
2.58333 1.5
2.66667 1.5
2.75    1.5
2.83333 1.5
2.91667 1.5
3       1.5
3.08333 1.5
3.16667 1.5
3.25    1.5
3.33333 1.5
3.41667 1.5
3.5     1.5
3.58333 1.5
3.66667 1.5
3.75    1.5
3.83333 1.5
3.91667 1.5
4       1.5
4.08333 1.5
4.16667 1.5
4.25    1.5
4.33333 1.5
4.41667 1.5
4.5     1.5
4.58333 1.5
4.66667 1.5
4.75    1.5
4.83333 1.5
4.91667 1.5
5       1.5
0.0833333       1.53333
0.166667        1.53333
0.25    1.53333
0.333333        1.53333
0.416667        1.53333
0.5     1.53333
0.583333        1.53333
0.666667        1.53333
0.75    1.53333
0.833333        1.53333
0.916667        1.53333
1       1.53333
1.08333 1.53333
1.16667 1.53333
1.25    1.53333
1.33333 1.53333
1.41667 1.53333
1.5     1.53333
1.58333 1.53333
1.66667 1.53333
1.75    1.53333
1.83333 1.53333
1.91667 1.53333
2       1.53333
2.08333 1.53333
2.16667 1.53333
2.25    1.53333
2.33333 1.53333
2.41667 1.53333
2.5     1.53333
2.58333 1.53333
2.66667 1.53333
2.75    1.53333
2.83333 1.53333
2.91667 1.53333
3       1.53333
3.08333 1.53333
3.16667 1.53333
3.25    1.53333
3.33333 1.53333
3.41667 1.53333
3.5     1.53333
3.58333 1.53333
3.66667 1.53333
3.75    1.53333
3.83333 1.53333
3.91667 1.53333
4       1.53333
4.08333 1.53333
4.16667 1.53333
4.25    1.53333
4.33333 1.53333
4.41667 1.53333
4.5     1.53333
4.58333 1.53333
4.66667 1.53333
4.75    1.53333
4.83333 1.53333
4.91667 1.53333
5       1.53333
0.0833333       1.56667
0.166667        1.56667
0.25    1.56667
0.333333        1.56667
0.416667        1.56667
0.5     1.56667
0.583333        1.56667
0.666667        1.56667
0.75    1.56667
0.833333        1.56667
0.916667        1.56667
1       1.56667
1.08333 1.56667
1.16667 1.56667
1.25    1.56667
1.33333 1.56667
1.41667 1.56667
1.5     1.56667
1.58333 1.56667
1.66667 1.56667
1.75    1.56667
1.83333 1.56667
1.91667 1.56667
2       1.56667
2.08333 1.56667
2.16667 1.56667
2.25    1.56667
2.33333 1.56667
2.41667 1.56667
2.5     1.56667
2.58333 1.56667
2.66667 1.56667
2.75    1.56667
2.83333 1.56667
2.91667 1.56667
3       1.56667
3.08333 1.56667
3.16667 1.56667
3.25    1.56667
3.33333 1.56667
3.41667 1.56667
3.5     1.56667
3.58333 1.56667
3.66667 1.56667
3.75    1.56667
3.83333 1.56667
3.91667 1.56667
4       1.56667
4.08333 1.56667
4.16667 1.56667
4.25    1.56667
4.33333 1.56667
4.41667 1.56667
4.5     1.56667
4.58333 1.56667
4.66667 1.56667
4.75    1.56667
4.83333 1.56667
4.91667 1.56667
5       1.56667
0.0833333       1.6
0.166667        1.6
0.25    1.6
0.333333        1.6
0.416667        1.6
0.5     1.6
0.583333        1.6
0.666667        1.6
0.75    1.6
0.833333        1.6
0.916667        1.6
1       1.6
1.08333 1.6
1.16667 1.6
1.25    1.6
1.33333 1.6
1.41667 1.6
1.5     1.6
1.58333 1.6
1.66667 1.6
1.75    1.6
1.83333 1.6
1.91667 1.6
2       1.6
2.08333 1.6
2.16667 1.6
2.25    1.6
2.33333 1.6
2.41667 1.6
2.5     1.6
2.58333 1.6
2.66667 1.6
2.75    1.6
2.83333 1.6
2.91667 1.6
3       1.6
3.08333 1.6
3.16667 1.6
3.25    1.6
3.33333 1.6
3.41667 1.6
3.5     1.6
3.58333 1.6
3.66667 1.6
3.75    1.6
3.83333 1.6
3.91667 1.6
4       1.6
4.08333 1.6
4.16667 1.6
4.25    1.6
4.33333 1.6
4.41667 1.6
4.5     1.6
4.58333 1.6
4.66667 1.6
4.75    1.6
4.83333 1.6
4.91667 1.6
5       1.6
0.0833333       1.63333
0.166667        1.63333
0.25    1.63333
0.333333        1.63333
0.416667        1.63333
0.5     1.63333
0.583333        1.63333
0.666667        1.63333
0.75    1.63333
0.833333        1.63333
0.916667        1.63333
1       1.63333
1.08333 1.63333
1.16667 1.63333
1.25    1.63333
1.33333 1.63333
1.41667 1.63333
1.5     1.63333
1.58333 1.63333
1.66667 1.63333
1.75    1.63333
1.83333 1.63333
1.91667 1.63333
2       1.63333
2.08333 1.63333
2.16667 1.63333
2.25    1.63333
2.33333 1.63333
2.41667 1.63333
2.5     1.63333
2.58333 1.63333
2.66667 1.63333
2.75    1.63333
2.83333 1.63333
2.91667 1.63333
3       1.63333
3.08333 1.63333
3.16667 1.63333
3.25    1.63333
3.33333 1.63333
3.41667 1.63333
3.5     1.63333
3.58333 1.63333
3.66667 1.63333
3.75    1.63333
3.83333 1.63333
3.91667 1.63333
4       1.63333
4.08333 1.63333
4.16667 1.63333
4.25    1.63333
4.33333 1.63333
4.41667 1.63333
4.5     1.63333
4.58333 1.63333
4.66667 1.63333
4.75    1.63333
4.83333 1.63333
4.91667 1.63333
5       1.63333
0.0833333       1.66667
0.166667        1.66667
0.25    1.66667
0.333333        1.66667
0.416667        1.66667
0.5     1.66667
0.583333        1.66667
0.666667        1.66667
0.75    1.66667
0.833333        1.66667
0.916667        1.66667
1       1.66667
1.08333 1.66667
1.16667 1.66667
1.25    1.66667
1.33333 1.66667
1.41667 1.66667
1.5     1.66667
1.58333 1.66667
1.66667 1.66667
1.75    1.66667
1.83333 1.66667
1.91667 1.66667
2       1.66667
2.08333 1.66667
2.16667 1.66667
2.25    1.66667
2.33333 1.66667
2.41667 1.66667
2.5     1.66667
2.58333 1.66667
2.66667 1.66667
2.75    1.66667
2.83333 1.66667
2.91667 1.66667
3       1.66667
3.08333 1.66667
3.16667 1.66667
3.25    1.66667
3.33333 1.66667
3.41667 1.66667
3.5     1.66667
3.58333 1.66667
3.66667 1.66667
3.75    1.66667
3.83333 1.66667
3.91667 1.66667
4       1.66667
4.08333 1.66667
4.16667 1.66667
4.25    1.66667
4.33333 1.66667
4.41667 1.66667
4.5     1.66667
4.58333 1.66667
4.66667 1.66667
4.75    1.66667
4.83333 1.66667
4.91667 1.66667
5       1.66667
0.0833333       1.7
0.166667        1.7
0.25    1.7
0.333333        1.7
0.416667        1.7
0.5     1.7
0.583333        1.7
0.666667        1.7
0.75    1.7
0.833333        1.7
0.916667        1.7
1       1.7
1.08333 1.7
1.16667 1.7
1.25    1.7
1.33333 1.7
1.41667 1.7
1.5     1.7
1.58333 1.7
1.66667 1.7
1.75    1.7
1.83333 1.7
1.91667 1.7
2       1.7
2.08333 1.7
2.16667 1.7
2.25    1.7
2.33333 1.7
2.41667 1.7
2.5     1.7
2.58333 1.7
2.66667 1.7
2.75    1.7
2.83333 1.7
2.91667 1.7
3       1.7
3.08333 1.7
3.16667 1.7
3.25    1.7
3.33333 1.7
3.41667 1.7
3.5     1.7
3.58333 1.7
3.66667 1.7
3.75    1.7
3.83333 1.7
3.91667 1.7
4       1.7
4.08333 1.7
4.16667 1.7
4.25    1.7
4.33333 1.7
4.41667 1.7
4.5     1.7
4.58333 1.7
4.66667 1.7
4.75    1.7
4.83333 1.7
4.91667 1.7
5       1.7
0.0833333       1.73333
0.166667        1.73333
0.25    1.73333
0.333333        1.73333
0.416667        1.73333
0.5     1.73333
0.583333        1.73333
0.666667        1.73333
0.75    1.73333
0.833333        1.73333
0.916667        1.73333
1       1.73333
1.08333 1.73333
1.16667 1.73333
1.25    1.73333
1.33333 1.73333
1.41667 1.73333
1.5     1.73333
1.58333 1.73333
1.66667 1.73333
1.75    1.73333
1.83333 1.73333
1.91667 1.73333
2       1.73333
2.08333 1.73333
2.16667 1.73333
2.25    1.73333
2.33333 1.73333
2.41667 1.73333
2.5     1.73333
2.58333 1.73333
2.66667 1.73333
2.75    1.73333
2.83333 1.73333
2.91667 1.73333
3       1.73333
3.08333 1.73333
3.16667 1.73333
3.25    1.73333
3.33333 1.73333
3.41667 1.73333
3.5     1.73333
3.58333 1.73333
3.66667 1.73333
3.75    1.73333
3.83333 1.73333
3.91667 1.73333
4       1.73333
4.08333 1.73333
4.16667 1.73333
4.25    1.73333
4.33333 1.73333
4.41667 1.73333
4.5     1.73333
4.58333 1.73333
4.66667 1.73333
4.75    1.73333
4.83333 1.73333
4.91667 1.73333
5       1.73333
0.0833333       1.76667
0.166667        1.76667
0.25    1.76667
0.333333        1.76667
0.416667        1.76667
0.5     1.76667
0.583333        1.76667
0.666667        1.76667
0.75    1.76667
0.833333        1.76667
0.916667        1.76667
1       1.76667
1.08333 1.76667
1.16667 1.76667
1.25    1.76667
1.33333 1.76667
1.41667 1.76667
1.5     1.76667
1.58333 1.76667
1.66667 1.76667
1.75    1.76667
1.83333 1.76667
1.91667 1.76667
2       1.76667
2.08333 1.76667
2.16667 1.76667
2.25    1.76667
2.33333 1.76667
2.41667 1.76667
2.5     1.76667
2.58333 1.76667
2.66667 1.76667
2.75    1.76667
2.83333 1.76667
2.91667 1.76667
3       1.76667
3.08333 1.76667
3.16667 1.76667
3.25    1.76667
3.33333 1.76667
3.41667 1.76667
3.5     1.76667
3.58333 1.76667
3.66667 1.76667
3.75    1.76667
3.83333 1.76667
3.91667 1.76667
4       1.76667
4.08333 1.76667
4.16667 1.76667
4.25    1.76667
4.33333 1.76667
4.41667 1.76667
4.5     1.76667
4.58333 1.76667
4.66667 1.76667
4.75    1.76667
4.83333 1.76667
4.91667 1.76667
5       1.76667
0.0833333       1.8
0.166667        1.8
0.25    1.8
0.333333        1.8
0.416667        1.8
0.5     1.8
0.583333        1.8
0.666667        1.8
0.75    1.8
0.833333        1.8
0.916667        1.8
1       1.8
1.08333 1.8
1.16667 1.8
1.25    1.8
1.33333 1.8
1.41667 1.8
1.5     1.8
1.58333 1.8
1.66667 1.8
1.75    1.8
1.83333 1.8
1.91667 1.8
2       1.8
2.08333 1.8
2.16667 1.8
2.25    1.8
2.33333 1.8
2.41667 1.8
2.5     1.8
2.58333 1.8
2.66667 1.8
2.75    1.8
2.83333 1.8
2.91667 1.8
3       1.8
3.08333 1.8
3.16667 1.8
3.25    1.8
3.33333 1.8
3.41667 1.8
3.5     1.8
3.58333 1.8
3.66667 1.8
3.75    1.8
3.83333 1.8
3.91667 1.8
4       1.8
4.08333 1.8
4.16667 1.8
4.25    1.8
4.33333 1.8
4.41667 1.8
4.5     1.8
4.58333 1.8
4.66667 1.8
4.75    1.8
4.83333 1.8
4.91667 1.8
5       1.8
0.0833333       1.83333
0.166667        1.83333
0.25    1.83333
0.333333        1.83333
0.416667        1.83333
0.5     1.83333
0.583333        1.83333
0.666667        1.83333
0.75    1.83333
0.833333        1.83333
0.916667        1.83333
1       1.83333
1.08333 1.83333
1.16667 1.83333
1.25    1.83333
1.33333 1.83333
1.41667 1.83333
1.5     1.83333
1.58333 1.83333
1.66667 1.83333
1.75    1.83333
1.83333 1.83333
1.91667 1.83333
2       1.83333
2.08333 1.83333
2.16667 1.83333
2.25    1.83333
2.33333 1.83333
2.41667 1.83333
2.5     1.83333
2.58333 1.83333
2.66667 1.83333
2.75    1.83333
2.83333 1.83333
2.91667 1.83333
3       1.83333
3.08333 1.83333
3.16667 1.83333
3.25    1.83333
3.33333 1.83333
3.41667 1.83333
3.5     1.83333
3.58333 1.83333
3.66667 1.83333
3.75    1.83333
3.83333 1.83333
3.91667 1.83333
4       1.83333
4.08333 1.83333
4.16667 1.83333
4.25    1.83333
4.33333 1.83333
4.41667 1.83333
4.5     1.83333
4.58333 1.83333
4.66667 1.83333
4.75    1.83333
4.83333 1.83333
4.91667 1.83333
5       1.83333
0.0833333       1.86667
0.166667        1.86667
0.25    1.86667
0.333333        1.86667
0.416667        1.86667
0.5     1.86667
0.583333        1.86667
0.666667        1.86667
0.75    1.86667
0.833333        1.86667
0.916667        1.86667
1       1.86667
1.08333 1.86667
1.16667 1.86667
1.25    1.86667
1.33333 1.86667
1.41667 1.86667
1.5     1.86667
1.58333 1.86667
1.66667 1.86667
1.75    1.86667
1.83333 1.86667
1.91667 1.86667
2       1.86667
2.08333 1.86667
2.16667 1.86667
2.25    1.86667
2.33333 1.86667
2.41667 1.86667
2.5     1.86667
2.58333 1.86667
2.66667 1.86667
2.75    1.86667
2.83333 1.86667
2.91667 1.86667
3       1.86667
3.08333 1.86667
3.16667 1.86667
3.25    1.86667
3.33333 1.86667
3.41667 1.86667
3.5     1.86667
3.58333 1.86667
3.66667 1.86667
3.75    1.86667
3.83333 1.86667
3.91667 1.86667
4       1.86667
4.08333 1.86667
4.16667 1.86667
4.25    1.86667
4.33333 1.86667
4.41667 1.86667
4.5     1.86667
4.58333 1.86667
4.66667 1.86667
4.75    1.86667
4.83333 1.86667
4.91667 1.86667
5       1.86667
0.0833333       1.9
0.166667        1.9
0.25    1.9
0.333333        1.9
0.416667        1.9
0.5     1.9
0.583333        1.9
0.666667        1.9
0.75    1.9
0.833333        1.9
0.916667        1.9
1       1.9
1.08333 1.9
1.16667 1.9
1.25    1.9
1.33333 1.9
1.41667 1.9
1.5     1.9
1.58333 1.9
1.66667 1.9
1.75    1.9
1.83333 1.9
1.91667 1.9
2       1.9
2.08333 1.9
2.16667 1.9
2.25    1.9
2.33333 1.9
2.41667 1.9
2.5     1.9
2.58333 1.9
2.66667 1.9
2.75    1.9
2.83333 1.9
2.91667 1.9
3       1.9
3.08333 1.9
3.16667 1.9
3.25    1.9
3.33333 1.9
3.41667 1.9
3.5     1.9
3.58333 1.9
3.66667 1.9
3.75    1.9
3.83333 1.9
3.91667 1.9
4       1.9
4.08333 1.9
4.16667 1.9
4.25    1.9
4.33333 1.9
4.41667 1.9
4.5     1.9
4.58333 1.9
4.66667 1.9
4.75    1.9
4.83333 1.9
4.91667 1.9
5       1.9
0.0833333       1.93333
0.166667        1.93333
0.25    1.93333
0.333333        1.93333
0.416667        1.93333
0.5     1.93333
0.583333        1.93333
0.666667        1.93333
0.75    1.93333
0.833333        1.93333
0.916667        1.93333
1       1.93333
1.08333 1.93333
1.16667 1.93333
1.25    1.93333
1.33333 1.93333
1.41667 1.93333
1.5     1.93333
1.58333 1.93333
1.66667 1.93333
1.75    1.93333
1.83333 1.93333
1.91667 1.93333
2       1.93333
2.08333 1.93333
2.16667 1.93333
2.25    1.93333
2.33333 1.93333
2.41667 1.93333
2.5     1.93333
2.58333 1.93333
2.66667 1.93333
2.75    1.93333
2.83333 1.93333
2.91667 1.93333
3       1.93333
3.08333 1.93333
3.16667 1.93333
3.25    1.93333
3.33333 1.93333
3.41667 1.93333
3.5     1.93333
3.58333 1.93333
3.66667 1.93333
3.75    1.93333
3.83333 1.93333
3.91667 1.93333
4       1.93333
4.08333 1.93333
4.16667 1.93333
4.25    1.93333
4.33333 1.93333
4.41667 1.93333
4.5     1.93333
4.58333 1.93333
4.66667 1.93333
4.75    1.93333
4.83333 1.93333
4.91667 1.93333
5       1.93333
0.0833333       1.96667
0.166667        1.96667
0.25    1.96667
0.333333        1.96667
0.416667        1.96667
0.5     1.96667
0.583333        1.96667
0.666667        1.96667
0.75    1.96667
0.833333        1.96667
0.916667        1.96667
1       1.96667
1.08333 1.96667
1.16667 1.96667
1.25    1.96667
1.33333 1.96667
1.41667 1.96667
1.5     1.96667
1.58333 1.96667
1.66667 1.96667
1.75    1.96667
1.83333 1.96667
1.91667 1.96667
2       1.96667
2.08333 1.96667
2.16667 1.96667
2.25    1.96667
2.33333 1.96667
2.41667 1.96667
2.5     1.96667
2.58333 1.96667
2.66667 1.96667
2.75    1.96667
2.83333 1.96667
2.91667 1.96667
3       1.96667
3.08333 1.96667
3.16667 1.96667
3.25    1.96667
3.33333 1.96667
3.41667 1.96667
3.5     1.96667
3.58333 1.96667
3.66667 1.96667
3.75    1.96667
3.83333 1.96667
3.91667 1.96667
4       1.96667
4.08333 1.96667
4.16667 1.96667
4.25    1.96667
4.33333 1.96667
4.41667 1.96667
4.5     1.96667
4.58333 1.96667
4.66667 1.96667
4.75    1.96667
4.83333 1.96667
4.91667 1.96667
5       1.96667
0.0833333       2
0.166667        2
0.25    2
0.333333        2
0.416667        2
0.5     2
0.583333        2
0.666667        2
0.75    2
0.833333        2
0.916667        2
1       2
1.08333 2
1.16667 2
1.25    2
1.33333 2
1.41667 2
1.5     2
1.58333 2
1.66667 2
1.75    2
1.83333 2
1.91667 2
2       2
2.08333 2
2.16667 2
2.25    2
2.33333 2
2.41667 2
2.5     2
2.58333 2
2.66667 2
2.75    2
2.83333 2
2.91667 2
3       2
3.08333 2
3.16667 2
3.25    2
3.33333 2
3.41667 2
3.5     2
3.58333 2
3.66667 2
3.75    2
3.83333 2
3.91667 2
4       2
4.08333 2
4.16667 2
4.25    2
4.33333 2
4.41667 2
4.5     2
4.58333 2
4.66667 2
4.75    2
4.83333 2
4.91667 2
5       2
